# unix_time, cycles_done, cur_path, paths_total, pending_total, pending_favs, map_size, unique_crashes, unique_hangs, max_depth, execs_per_sec
1562572024, 0, 0, 539, 539, 2, 0.98%, 0, 0, 1, 470.59
1562572049, 0, 329, 539, 529, 0, 0.98%, 0, 0, 1, 1296.87
1562572074, 1, 443, 539, 437, 0, 0.98%, 0, 0, 1, 3743.20
1562572099, 2, 0, 539, 417, 0, 0.98%, 0, 0, 1, 4312.69
1562572125, 2, 385, 539, 354, 0, 0.98%, 0, 0, 1, 3712.75
1562572150, 2, 538, 539, 325, 0, 0.98%, 0, 0, 1, 240.10
1562572175, 3, 457, 539, 257, 0, 0.98%, 0, 0, 1, 3261.01
1562572200, 4, 449, 539, 193, 0, 0.98%, 0, 0, 1, 3473.13
1562572225, 5, 503, 539, 142, 0, 0.98%, 0, 0, 1, 3102.09
1562572250, 7, 350, 539, 104, 0, 0.98%, 0, 0, 1, 2666.49
1562572275, 8, 535, 539, 66, 0, 0.98%, 0, 0, 1, 1200.45
1562572300, 10, 485, 539, 39, 0, 0.98%, 0, 0, 1, 2801.60
1562572326, 13, 316, 539, 21, 0, 0.98%, 0, 0, 1, 2807.64
1562572351, 16, 249, 539, 11, 0, 0.98%, 0, 0, 1, 2630.81
1562572376, 19, 286, 539, 2, 0, 0.98%, 0, 0, 1, 3757.73
1562572401, 22, 535, 539, 0, 0, 0.98%, 0, 0, 1, 2414.53
1562572426, 26, 328, 539, 0, 0, 0.98%, 0, 0, 1, 2339.83
1562572451, 29, 528, 539, 0, 0, 0.98%, 0, 0, 1, 2444.59
1562572476, 33, 284, 539, 0, 0, 0.98%, 0, 0, 1, 2419.90
1562572501, 36, 433, 539, 0, 0, 0.98%, 0, 0, 1, 2810.99
1562572527, 40, 102, 539, 0, 0, 0.98%, 0, 0, 1, 2835.90
1562572552, 43, 534, 539, 0, 0, 0.98%, 0, 0, 1, 2420.72
1562572577, 47, 185, 539, 0, 0, 0.98%, 0, 0, 1, 2641.62
1562572602, 50, 261, 539, 0, 0, 0.98%, 0, 0, 1, 3109.08
1562572627, 54, 20, 539, 0, 0, 0.98%, 0, 0, 1, 3029.62
1562572652, 57, 328, 539, 0, 0, 0.98%, 0, 0, 1, 2364.06
1562572677, 61, 241, 539, 0, 0, 0.98%, 0, 0, 1, 2367.11
1562572702, 65, 219, 539, 0, 0, 0.98%, 0, 0, 1, 2768.37
1562572728, 68, 469, 539, 0, 0, 0.98%, 0, 0, 1, 2613.53
1562572753, 72, 185, 539, 0, 0, 0.98%, 0, 0, 1, 3361.62
1562572778, 76, 46, 539, 0, 0, 0.98%, 0, 0, 1, 2631.17
1562572803, 79, 291, 539, 0, 0, 0.98%, 0, 0, 1, 998.95
1562572828, 83, 142, 539, 0, 0, 0.98%, 0, 0, 1, 2966.04
1562572853, 86, 353, 539, 0, 0, 0.98%, 0, 0, 1, 2512.50
1562572878, 90, 131, 539, 0, 0, 0.98%, 0, 0, 1, 2657.83
1562572903, 93, 451, 539, 0, 0, 0.98%, 0, 0, 1, 2500.61
1562572928, 97, 447, 539, 0, 0, 0.98%, 0, 0, 1, 2306.89
1562572953, 101, 193, 539, 0, 0, 0.98%, 0, 0, 1, 2546.23
1562572979, 105, 1, 539, 0, 0, 0.98%, 0, 0, 1, 2766.53
1562573004, 108, 406, 539, 0, 0, 0.98%, 0, 0, 1, 2182.68
1562573029, 112, 243, 539, 0, 0, 0.98%, 0, 0, 1, 2464.49
1562573054, 116, 66, 539, 0, 0, 0.98%, 0, 0, 1, 2453.42
1562573079, 119, 474, 539, 0, 0, 0.98%, 0, 0, 1, 2459.24
1562573104, 123, 268, 539, 0, 0, 0.98%, 0, 0, 1, 3428.74
1562573129, 127, 11, 539, 0, 0, 0.98%, 0, 0, 1, 2850.72
1562573154, 130, 512, 539, 0, 0, 0.98%, 0, 0, 1, 2571.28
1562573180, 134, 412, 539, 0, 0, 0.98%, 0, 0, 1, 2595.16
1562573205, 138, 291, 539, 0, 0, 0.98%, 0, 0, 1, 2711.36
1562573230, 142, 112, 539, 0, 0, 0.98%, 0, 0, 1, 2767.74
1562573255, 145, 326, 539, 0, 0, 0.98%, 0, 0, 1, 2616.59
1562573280, 149, 6, 539, 0, 0, 0.98%, 0, 0, 1, 2712.56
1562573305, 152, 444, 539, 0, 0, 0.98%, 0, 0, 1, 2518.07
1562573331, 156, 388, 539, 0, 0, 0.98%, 0, 0, 1, 2502.31
1562573356, 160, 153, 539, 0, 0, 0.98%, 0, 0, 1, 2735.70
1562573381, 163, 529, 539, 0, 0, 0.98%, 0, 0, 1, 2359.50
1562573406, 167, 226, 539, 0, 0, 0.98%, 0, 0, 1, 2663.27
1562573431, 171, 124, 539, 0, 0, 0.98%, 0, 0, 1, 2656.21
1562573456, 174, 316, 539, 0, 0, 0.98%, 0, 0, 1, 2785.90
1562573482, 177, 530, 539, 0, 0, 0.98%, 0, 0, 1, 457.55
1562573507, 181, 259, 539, 0, 0, 0.98%, 0, 0, 1, 3623.15
1562573532, 181, 539, 540, 1, 1, 0.98%, 0, 0, 2, 350.01
1562601272, 183, 83, 541, 0, 0, 0.98%, 0, 0, 3, 3630.38
1562601297, 185, 539, 541, 0, 0, 0.98%, 0, 0, 3, 1952.36
1562601323, 188, 494, 541, 0, 0, 0.98%, 0, 0, 3, 3244.86
1562601348, 191, 242, 541, 0, 0, 0.98%, 0, 0, 3, 3160.00
1562601373, 194, 226, 541, 0, 0, 0.98%, 0, 0, 3, 3126.20
1562601398, 197, 254, 541, 0, 0, 0.98%, 0, 0, 3, 2555.62
1562601423, 200, 1, 541, 0, 0, 0.98%, 0, 0, 3, 2128.45
1562601448, 202, 451, 541, 0, 0, 0.98%, 0, 0, 3, 2866.15
1562601473, 205, 455, 541, 0, 0, 0.98%, 0, 0, 3, 2362.22
1562601498, 208, 295, 541, 0, 0, 0.98%, 0, 0, 3, 2486.54
1562601524, 211, 9, 541, 0, 0, 0.98%, 0, 0, 3, 4236.54
1562601549, 213, 539, 541, 0, 0, 0.98%, 0, 0, 3, 2590.30
1562601574, 216, 291, 541, 0, 0, 0.98%, 0, 0, 3, 2734.86
1562601599, 219, 47, 541, 0, 0, 0.98%, 0, 0, 3, 3270.58
1562601624, 222, 2, 541, 0, 0, 0.98%, 0, 0, 3, 2351.30
1562601649, 224, 518, 541, 0, 0, 0.98%, 0, 0, 3, 2525.77
1562601674, 227, 416, 541, 0, 0, 0.98%, 0, 0, 3, 2940.69
1562601699, 231, 1, 541, 0, 0, 0.98%, 0, 0, 3, 2716.55
1562601724, 234, 27, 541, 0, 0, 0.98%, 0, 0, 3, 2719.86
1562601750, 237, 141, 541, 0, 0, 0.98%, 0, 0, 3, 3136.91
1562601775, 240, 212, 541, 0, 0, 0.98%, 0, 0, 3, 2789.20
1562601800, 243, 280, 541, 0, 0, 0.98%, 0, 0, 3, 2982.99
1562601825, 246, 277, 541, 0, 0, 0.98%, 0, 0, 3, 3109.00
1562601850, 250, 1, 541, 0, 0, 0.98%, 0, 0, 3, 2543.82
1562601875, 253, 1, 541, 0, 0, 0.98%, 0, 0, 3, 2689.66
1562601900, 255, 539, 541, 0, 0, 0.98%, 0, 0, 3, 2366.76
1562601925, 258, 530, 541, 0, 0, 0.98%, 0, 0, 3, 2196.35
1562601950, 262, 131, 541, 0, 0, 0.98%, 0, 0, 3, 2902.72
1562601976, 265, 311, 541, 0, 0, 0.98%, 0, 0, 3, 2667.65
1562602001, 268, 445, 541, 0, 0, 0.98%, 0, 0, 3, 2599.68
1562602026, 271, 346, 541, 0, 0, 0.98%, 0, 0, 3, 2542.06
1562602051, 274, 315, 541, 0, 0, 0.98%, 0, 0, 3, 2573.55
1562602076, 278, 1, 541, 0, 0, 0.98%, 0, 0, 3, 2837.52
1562602101, 281, 1, 541, 0, 0, 0.98%, 0, 0, 3, 2419.01
1562602126, 283, 530, 541, 0, 0, 0.98%, 0, 0, 3, 726.08
1562602151, 287, 133, 541, 0, 0, 0.98%, 0, 0, 3, 3536.86
1562602177, 289, 505, 541, 0, 0, 0.98%, 0, 0, 3, 2754.22
1562602202, 292, 283, 541, 0, 0, 0.98%, 0, 0, 3, 2778.40
1562602227, 295, 205, 541, 0, 0, 0.98%, 0, 0, 3, 2877.90
1562602252, 298, 269, 541, 0, 0, 0.98%, 0, 0, 3, 2685.00
1562602277, 301, 255, 541, 0, 0, 0.98%, 0, 0, 3, 2733.76
1562602302, 305, 1, 541, 0, 0, 0.98%, 0, 0, 3, 2571.52
1562602327, 308, 2, 541, 0, 0, 0.98%, 0, 0, 3, 3830.59
1562602352, 311, 112, 541, 0, 0, 0.98%, 0, 0, 3, 3026.52
1562602377, 314, 469, 541, 0, 0, 0.98%, 0, 0, 3, 2514.07
1562602403, 318, 1, 541, 0, 0, 0.98%, 0, 0, 3, 4947.09
1562602428, 321, 2, 541, 0, 0, 0.98%, 0, 0, 3, 2948.17
1562602453, 324, 259, 541, 0, 0, 0.98%, 0, 0, 3, 3345.62
1562602478, 327, 312, 541, 0, 0, 0.98%, 0, 0, 3, 2527.69
1562602503, 331, 1, 541, 0, 0, 0.98%, 0, 0, 3, 3372.22
1562602528, 334, 187, 541, 0, 0, 0.98%, 0, 0, 3, 2535.22
1562602553, 337, 206, 541, 0, 0, 0.98%, 0, 0, 3, 2651.61
1562602578, 340, 130, 541, 0, 0, 0.98%, 0, 0, 3, 2854.13
1562602604, 343, 194, 541, 0, 0, 0.98%, 0, 0, 3, 2705.88
1562602629, 346, 104, 541, 0, 0, 0.98%, 0, 0, 3, 3286.21
1562602654, 349, 45, 541, 0, 0, 0.98%, 0, 0, 3, 3474.44
1562602679, 352, 362, 541, 0, 0, 0.98%, 0, 0, 3, 2638.59
1562602704, 355, 453, 541, 0, 0, 0.98%, 0, 0, 3, 2034.67
1562602729, 359, 4, 541, 0, 0, 0.98%, 0, 0, 3, 2930.79
1562602754, 362, 262, 541, 0, 0, 0.98%, 0, 0, 3, 2349.27
1562602779, 365, 55, 541, 0, 0, 0.98%, 0, 0, 3, 461.54
1562602804, 368, 269, 541, 0, 0, 0.98%, 0, 0, 3, 2740.61
1562602829, 372, 1, 541, 0, 0, 0.98%, 0, 0, 3, 1975.00
1562602855, 375, 49, 541, 0, 0, 0.98%, 0, 0, 3, 2854.41
1562602880, 378, 99, 541, 0, 0, 0.98%, 0, 0, 3, 2886.80
1562602905, 381, 332, 541, 0, 0, 0.98%, 0, 0, 3, 2762.33
1562602930, 384, 378, 541, 0, 0, 0.98%, 0, 0, 3, 2303.34
1562602955, 388, 58, 541, 0, 0, 0.98%, 0, 0, 3, 2891.28
1562602980, 391, 201, 541, 0, 0, 0.98%, 0, 0, 3, 2744.12
1562603005, 394, 306, 541, 0, 0, 0.98%, 0, 0, 3, 2563.75
1562603030, 397, 325, 541, 0, 0, 0.98%, 0, 0, 3, 2673.75
1562603055, 400, 405, 541, 0, 0, 0.98%, 0, 0, 3, 2783.97
1562603081, 404, 1, 541, 0, 0, 0.98%, 0, 0, 3, 2519.46
1562603106, 407, 144, 541, 0, 0, 0.98%, 0, 0, 3, 2450.26
1562603131, 410, 136, 541, 0, 0, 0.98%, 0, 0, 3, 2369.46
1562603156, 413, 328, 541, 0, 0, 0.98%, 0, 0, 3, 122.55
1562603181, 417, 138, 541, 0, 0, 0.98%, 0, 0, 3, 3113.08
1562603206, 420, 327, 541, 0, 0, 0.98%, 0, 0, 3, 2728.06
1562603231, 423, 527, 541, 0, 0, 0.98%, 0, 0, 3, 3211.92
1562603256, 427, 19, 541, 0, 0, 0.98%, 0, 0, 3, 2460.35
1562603281, 430, 110, 541, 0, 0, 0.98%, 0, 0, 3, 2588.79
1562603307, 433, 239, 541, 0, 0, 0.98%, 0, 0, 3, 3305.69
1562603332, 436, 225, 541, 0, 0, 0.98%, 0, 0, 3, 3038.11
1562603357, 439, 319, 541, 0, 0, 0.98%, 0, 0, 3, 3068.81
1562603382, 442, 521, 541, 0, 0, 0.98%, 0, 0, 3, 3170.70
1562603407, 446, 49, 541, 0, 0, 0.98%, 0, 0, 3, 4493.95
1562603432, 449, 38, 541, 0, 0, 0.98%, 0, 0, 3, 3195.57
1562603457, 452, 343, 541, 0, 0, 0.98%, 0, 0, 3, 3315.12
1562603482, 455, 528, 541, 0, 0, 0.98%, 0, 0, 3, 2598.71
1562603507, 459, 143, 541, 0, 0, 0.98%, 0, 0, 3, 3115.30
1562603532, 462, 155, 541, 0, 0, 0.98%, 0, 0, 3, 3537.26
1562603557, 465, 358, 541, 0, 0, 0.98%, 0, 0, 3, 653.90
1562603583, 468, 373, 541, 0, 0, 0.98%, 0, 0, 3, 2282.91
1562603608, 471, 506, 541, 0, 0, 0.98%, 0, 0, 3, 2511.92
1562603633, 474, 539, 541, 0, 0, 0.98%, 0, 0, 3, 2500.74
1562603658, 478, 2, 541, 0, 0, 0.98%, 0, 0, 3, 2913.18
1562603683, 481, 186, 541, 0, 0, 0.98%, 0, 0, 3, 1710.57
1562603708, 484, 222, 541, 0, 0, 0.98%, 0, 0, 3, 2840.36
1562603733, 487, 273, 541, 0, 0, 0.98%, 0, 0, 3, 1497.08
1562603758, 490, 235, 541, 0, 0, 0.98%, 0, 0, 3, 2620.54
1562603783, 493, 171, 541, 0, 0, 0.98%, 0, 0, 3, 3546.75
1562603808, 496, 76, 541, 0, 0, 0.98%, 0, 0, 3, 3415.88
1562603833, 499, 16, 541, 0, 0, 0.98%, 0, 0, 3, 2860.96
1562603858, 502, 2, 541, 0, 0, 0.98%, 0, 0, 3, 3650.22
1562603884, 505, 217, 541, 0, 0, 0.98%, 0, 0, 3, 2713.39
1562603909, 508, 186, 541, 0, 0, 0.98%, 0, 0, 3, 3131.66
1562603934, 512, 1, 541, 0, 0, 0.98%, 0, 0, 3, 4271.69
1562603959, 515, 39, 541, 0, 0, 0.98%, 0, 0, 3, 2954.69
1562603984, 518, 214, 541, 0, 0, 0.98%, 0, 0, 3, 2994.32
1562604009, 521, 538, 541, 0, 0, 0.98%, 0, 0, 3, 2488.20
1562604034, 525, 2, 541, 0, 0, 0.98%, 0, 0, 3, 4683.82
1562604059, 528, 76, 541, 0, 0, 0.98%, 0, 0, 3, 2920.20
1562604084, 531, 248, 541, 0, 0, 0.98%, 0, 0, 3, 2258.87
1562604110, 534, 539, 541, 0, 0, 0.98%, 0, 0, 3, 2496.85
1562604135, 538, 151, 541, 0, 0, 0.98%, 0, 0, 3, 2606.94
1562604160, 541, 292, 541, 0, 0, 0.98%, 0, 0, 3, 2525.88
1562604185, 544, 417, 541, 0, 0, 0.98%, 0, 0, 3, 2835.96
1562604210, 548, 2, 541, 0, 0, 0.98%, 0, 0, 3, 2747.09
1562604235, 551, 224, 541, 0, 0, 0.98%, 0, 0, 3, 3096.51
1562604260, 554, 295, 541, 0, 0, 0.98%, 0, 0, 3, 2856.58
1562604285, 557, 310, 541, 0, 0, 0.98%, 0, 0, 3, 3309.20
1562604310, 561, 1, 541, 0, 0, 0.98%, 0, 0, 3, 2550.22
1562604335, 564, 98, 541, 0, 0, 0.98%, 0, 0, 3, 2669.07
1562604361, 567, 152, 541, 0, 0, 0.98%, 0, 0, 3, 2794.80
1562604386, 570, 277, 541, 0, 0, 0.98%, 0, 0, 3, 3671.64
1562604411, 572, 541, 542, 1, 1, 0.98%, 0, 0, 3, 3417.50
1562604436, 573, 425, 542, 0, 0, 0.98%, 0, 0, 3, 2978.69
1562604461, 576, 118, 542, 0, 0, 0.98%, 0, 0, 3, 3039.95
1562604486, 579, 34, 542, 0, 0, 0.98%, 0, 0, 3, 3205.55
1562604511, 581, 390, 542, 0, 0, 0.98%, 0, 0, 3, 3019.52
1562604537, 584, 2, 542, 0, 0, 0.98%, 0, 0, 3, 3826.81
1562604562, 586, 539, 542, 0, 0, 0.98%, 0, 0, 3, 2716.21
1562604587, 589, 299, 542, 0, 0, 0.98%, 0, 0, 3, 3153.53
1562604612, 592, 1, 542, 0, 0, 0.98%, 0, 0, 3, 3774.61
1562604637, 594, 474, 542, 0, 0, 0.98%, 0, 0, 3, 2267.63
1562604662, 597, 209, 542, 0, 0, 0.98%, 0, 0, 3, 2946.42
1562604687, 600, 1, 542, 0, 0, 0.98%, 0, 0, 3, 3165.78
1562604713, 602, 533, 542, 0, 0, 0.98%, 0, 0, 3, 3235.03
1562604738, 605, 202, 542, 0, 0, 0.98%, 0, 0, 3, 2200.40
1562604763, 608, 1, 542, 0, 0, 0.98%, 0, 0, 3, 3153.48
1562604788, 610, 373, 542, 0, 0, 0.98%, 0, 0, 3, 2880.24
1562604813, 613, 326, 542, 0, 0, 0.98%, 0, 0, 3, 2780.60
1562604838, 616, 271, 542, 0, 0, 0.98%, 0, 0, 3, 3095.55
1562604863, 619, 2, 542, 0, 0, 0.98%, 0, 0, 3, 3504.20
1562604889, 621, 539, 542, 0, 0, 0.98%, 0, 0, 3, 497.70
1562604914, 624, 283, 542, 0, 0, 0.98%, 0, 0, 3, 3421.20
1562604939, 627, 142, 542, 0, 0, 0.98%, 0, 0, 3, 398.58
1562604964, 629, 467, 542, 0, 0, 0.98%, 0, 0, 3, 2883.65
1562604989, 632, 372, 542, 0, 0, 0.98%, 0, 0, 3, 2629.31
1562605014, 635, 13, 542, 0, 0, 0.98%, 0, 0, 3, 4560.30
1562605039, 637, 481, 542, 0, 0, 0.98%, 0, 0, 3, 3499.83
1562605064, 640, 374, 542, 0, 0, 0.98%, 0, 0, 3, 2685.06
1562605090, 643, 131, 542, 0, 0, 0.98%, 0, 0, 3, 3142.79
1562605115, 646, 2, 542, 0, 0, 0.98%, 0, 0, 3, 2780.61
1562605140, 648, 539, 542, 0, 0, 0.98%, 0, 0, 3, 2429.59
1562605165, 651, 279, 542, 0, 0, 0.98%, 0, 0, 3, 2809.48
1562605190, 653, 541, 542, 0, 0, 0.98%, 0, 0, 3, 3345.29
1562605216, 656, 441, 542, 0, 0, 0.98%, 0, 0, 3, 2687.84
1562605241, 659, 330, 542, 0, 0, 0.98%, 0, 0, 3, 2981.42
1562605266, 661, 542, 545, 3, 1, 0.98%, 0, 0, 4, 3892.33
1562605291, 661, 542, 546, 4, 1, 0.98%, 0, 0, 4, 4504.70
1562605341, 661, 543, 546, 3, 3, 0.98%, 0, 0, 4, 4550.22
1562605392, 661, 544, 546, 2, 2, 0.98%, 0, 0, 4, 4499.47
1562605442, 661, 545, 546, 1, 1, 0.98%, 0, 0, 4, 4481.57
1562605492, 662, 424, 546, 0, 0, 0.98%, 0, 0, 4, 2682.28
1562605517, 664, 241, 546, 0, 0, 0.98%, 0, 0, 4, 2598.49
1562605542, 666, 177, 546, 0, 0, 0.98%, 0, 0, 4, 1021.56
1562605567, 668, 84, 546, 0, 0, 0.98%, 0, 0, 4, 3622.52
1562605593, 669, 545, 546, 0, 0, 0.98%, 0, 0, 4, 1967.89
1562605618, 671, 544, 546, 0, 0, 0.98%, 0, 0, 4, 4185.95
1562605643, 673, 541, 546, 0, 0, 0.98%, 0, 0, 4, 3705.00
1562605668, 675, 446, 546, 0, 0, 0.98%, 0, 0, 4, 3073.86
1562605693, 677, 97, 546, 0, 0, 0.98%, 0, 0, 4, 3735.89
1562605718, 678, 545, 546, 0, 0, 0.98%, 0, 0, 4, 4164.96
1562605743, 680, 543, 546, 0, 0, 0.98%, 0, 0, 4, 4477.50
1562605769, 682, 541, 546, 0, 0, 0.98%, 0, 0, 4, 3917.71
1562605794, 684, 340, 546, 0, 0, 0.98%, 0, 0, 4, 1502.59
1562605819, 686, 253, 546, 0, 0, 0.98%, 0, 0, 4, 655.08
1562605844, 688, 24, 546, 0, 0, 0.98%, 0, 0, 4, 1851.75
1562605869, 689, 545, 546, 0, 0, 0.98%, 0, 0, 4, 4056.87
1562605895, 691, 543, 546, 0, 0, 0.98%, 0, 0, 4, 3147.34
1562605920, 693, 456, 546, 0, 0, 0.98%, 0, 0, 4, 2891.77
1562605945, 695, 171, 546, 0, 0, 0.98%, 0, 0, 4, 3290.75
1562605970, 697, 1, 546, 0, 0, 0.98%, 0, 0, 4, 3997.03
1562605995, 698, 543, 546, 0, 0, 0.98%, 0, 0, 4, 4176.57
1562606020, 700, 539, 546, 0, 0, 0.98%, 0, 0, 4, 2954.48
1562606045, 702, 353, 546, 0, 0, 0.98%, 0, 0, 4, 2237.42
1562606070, 704, 150, 546, 0, 0, 0.98%, 0, 0, 4, 3595.63
1562606095, 705, 544, 546, 0, 0, 0.98%, 0, 0, 4, 3188.24
1562606121, 707, 543, 546, 0, 0, 0.98%, 0, 0, 4, 3919.83
1562606146, 709, 519, 546, 0, 0, 0.98%, 0, 0, 4, 2664.74
1562606171, 711, 477, 546, 0, 0, 0.98%, 0, 0, 4, 1245.67
1562606196, 713, 217, 546, 0, 0, 0.98%, 0, 0, 4, 3425.20
1562606221, 714, 545, 546, 0, 0, 0.98%, 0, 0, 4, 3719.60
1562606246, 716, 544, 546, 0, 0, 0.98%, 0, 0, 4, 3373.74
1562606271, 718, 544, 546, 0, 0, 0.98%, 0, 0, 4, 3328.78
1562606296, 720, 544, 546, 0, 0, 0.98%, 0, 0, 4, 3499.79
1562606322, 722, 543, 546, 0, 0, 0.98%, 0, 0, 4, 4409.03
1562606347, 724, 543, 546, 0, 0, 0.98%, 0, 0, 4, 3252.92
1562606372, 726, 537, 546, 0, 0, 0.98%, 0, 0, 4, 2663.48
1562606397, 728, 275, 546, 0, 0, 0.98%, 0, 0, 4, 3437.88
1562606422, 730, 211, 546, 0, 0, 0.98%, 0, 0, 4, 3338.31
1562606448, 731, 545, 546, 0, 0, 0.98%, 0, 0, 4, 600.07
1562606473, 733, 544, 546, 0, 0, 0.98%, 0, 0, 4, 4298.42
1562606498, 735, 544, 546, 0, 0, 0.98%, 0, 0, 4, 3239.57
1562606523, 737, 541, 546, 0, 0, 0.98%, 0, 0, 4, 2389.21
1562606548, 739, 461, 546, 0, 0, 0.98%, 0, 0, 4, 2774.78
1562606573, 741, 343, 546, 0, 0, 0.98%, 0, 0, 4, 2753.91
1562606598, 743, 345, 546, 0, 0, 0.98%, 0, 0, 4, 2955.87
1562606623, 745, 113, 546, 0, 0, 0.98%, 0, 0, 4, 3488.41
1562606648, 746, 545, 546, 0, 0, 0.98%, 0, 0, 4, 562.70
1562606674, 748, 545, 546, 0, 0, 0.98%, 0, 0, 4, 3740.41
1562606699, 750, 545, 546, 0, 0, 0.98%, 0, 0, 4, 3582.01
1562606724, 752, 544, 546, 0, 0, 0.98%, 0, 0, 4, 3385.51
1562606749, 754, 541, 546, 0, 0, 0.98%, 0, 0, 4, 2667.81
1562606774, 756, 539, 546, 0, 0, 0.98%, 0, 0, 4, 2620.42
1562606799, 758, 492, 546, 0, 0, 0.98%, 0, 0, 4, 2819.26
1562606824, 760, 435, 546, 0, 0, 0.98%, 0, 0, 4, 3496.26
1562606850, 762, 301, 546, 0, 0, 0.98%, 0, 0, 4, 3132.89
1562606875, 764, 226, 546, 0, 0, 0.98%, 0, 0, 4, 3526.51
1562606900, 766, 2, 546, 0, 0, 0.98%, 0, 0, 4, 3722.80
1562606925, 767, 544, 546, 0, 0, 0.98%, 0, 0, 4, 3472.19
1562606950, 769, 543, 546, 0, 0, 0.98%, 0, 0, 4, 3149.51
1562606975, 771, 541, 546, 0, 0, 0.98%, 0, 0, 4, 2319.92
1562607000, 773, 425, 546, 0, 0, 0.98%, 0, 0, 4, 1296.25
1562607025, 775, 189, 546, 0, 0, 0.98%, 0, 0, 4, 3585.71
1562607050, 777, 221, 546, 0, 0, 0.98%, 0, 0, 4, 3396.72
1562607075, 779, 38, 546, 0, 0, 0.98%, 0, 0, 4, 4418.88
1562607101, 780, 545, 546, 0, 0, 0.98%, 0, 0, 4, 3557.97
1562607126, 782, 545, 546, 0, 0, 0.98%, 0, 0, 4, 3653.21
1562607151, 784, 543, 546, 0, 0, 0.98%, 0, 0, 4, 408.29
1562607176, 786, 543, 546, 0, 0, 0.98%, 0, 0, 4, 3182.84
1562607201, 788, 480, 546, 0, 0, 0.98%, 0, 0, 4, 300.31
1562607226, 790, 298, 546, 0, 0, 0.98%, 0, 0, 4, 3031.23
1562607251, 792, 191, 546, 0, 0, 0.98%, 0, 0, 4, 3242.31
1562607276, 794, 1, 546, 0, 0, 0.98%, 0, 0, 4, 3705.57
1562607301, 795, 544, 546, 0, 0, 0.98%, 0, 0, 4, 4689.37
1562607327, 797, 543, 546, 0, 0, 0.98%, 0, 0, 4, 3785.93
1562607352, 799, 285, 546, 0, 0, 0.98%, 0, 0, 4, 2995.17
1562607377, 801, 302, 546, 0, 0, 0.98%, 0, 0, 4, 3000.14
1562607402, 803, 1, 546, 0, 0, 0.98%, 0, 0, 4, 3719.74
1562607427, 804, 545, 546, 0, 0, 0.98%, 0, 0, 4, 4360.80
1562607452, 806, 545, 546, 0, 0, 0.98%, 0, 0, 4, 4491.29
1562607477, 808, 545, 547, 1, 0, 0.98%, 0, 0, 5, 4147.07
1562607503, 808, 546, 550, 4, 1, 0.98%, 0, 0, 6, 3909.75
1562607528, 808, 548, 550, 3, 1, 0.98%, 0, 0, 6, 3930.65
1562607578, 809, 544, 550, 2, 0, 0.98%, 0, 0, 6, 2182.20
1562607603, 810, 549, 550, 2, 0, 0.98%, 0, 0, 6, 3902.43
1562607653, 811, 544, 550, 1, 0, 0.98%, 0, 0, 6, 4434.48
1562607678, 813, 471, 550, 1, 0, 0.98%, 0, 0, 6, 2947.23
1562607703, 815, 16, 550, 1, 0, 0.98%, 0, 0, 6, 4187.52
1562607728, 815, 547, 550, 1, 0, 0.98%, 0, 0, 6, 3905.78
1562607779, 815, 548, 550, 0, 0, 0.98%, 0, 0, 6, 4289.27
1562607804, 817, 545, 550, 0, 0, 0.98%, 0, 0, 6, 3470.48
1562607829, 819, 506, 550, 0, 0, 0.98%, 0, 0, 6, 2622.04
1562607854, 821, 36, 550, 0, 0, 0.98%, 0, 0, 6, 4472.43
1562607879, 822, 545, 550, 0, 0, 0.98%, 0, 0, 6, 3314.60
1562607904, 824, 431, 550, 0, 0, 0.98%, 0, 0, 6, 3002.92
1562607929, 826, 14, 550, 0, 0, 0.98%, 0, 0, 6, 3811.68
1562607954, 828, 1, 550, 0, 0, 0.98%, 0, 0, 6, 4088.56
1562607980, 830, 72, 550, 0, 0, 0.98%, 0, 0, 6, 3912.15
1562608005, 832, 171, 550, 0, 0, 0.98%, 0, 0, 6, 909.56
1562608030, 834, 86, 550, 0, 0, 0.98%, 0, 0, 6, 3844.97
1562608055, 836, 78, 550, 0, 0, 0.98%, 0, 0, 6, 3625.97
1562608080, 838, 364, 550, 0, 0, 0.98%, 0, 0, 6, 456.02
1562608105, 840, 539, 550, 0, 0, 0.98%, 0, 0, 6, 2054.14
1562608130, 843, 46, 550, 0, 0, 0.98%, 0, 0, 6, 3626.17
1562608156, 845, 283, 550, 0, 0, 0.98%, 0, 0, 6, 2805.17
1562608181, 846, 550, 551, 1, 1, 0.98%, 0, 0, 7, 2708.80
1562608407, 846, 550, 552, 2, 1, 0.98%, 0, 0, 8, 2313.10
1562609184, 846, 550, 554, 4, 1, 0.98%, 0, 0, 8, 2536.95
1562609209, 846, 551, 554, 3, 1, 0.98%, 0, 0, 8, 2221.43
1562610314, 848, 344, 554, 2, 0, 0.98%, 0, 0, 8, 679.53
1562610340, 848, 552, 554, 2, 0, 0.98%, 0, 0, 8, 2307.73
1562611394, 849, 551, 554, 1, 0, 0.98%, 0, 0, 8, 4217.37
1562611419, 850, 553, 554, 1, 0, 0.98%, 0, 0, 8, 2381.24
1562611795, 851, 1, 554, 0, 0, 0.98%, 0, 0, 8, 3191.53
1562611820, 852, 548, 554, 0, 0, 0.98%, 0, 0, 8, 3746.43
1562611845, 854, 456, 554, 0, 0, 0.98%, 0, 0, 8, 2835.11
1562611871, 856, 195, 554, 0, 0, 0.98%, 0, 0, 8, 3129.45
1562611896, 857, 551, 554, 0, 0, 0.98%, 0, 0, 8, 863.21
1562611921, 859, 530, 554, 0, 0, 0.98%, 0, 0, 8, 2638.68
1562611946, 861, 112, 554, 0, 0, 0.98%, 0, 0, 8, 3247.05
1562611971, 862, 548, 554, 0, 0, 0.98%, 0, 0, 8, 3534.91
1562611996, 864, 271, 554, 0, 0, 0.98%, 0, 0, 8, 3075.23
1562612021, 865, 551, 554, 0, 0, 0.98%, 0, 0, 8, 3698.26
1562612046, 867, 483, 554, 0, 0, 0.98%, 0, 0, 8, 2949.00
1562612071, 868, 553, 554, 0, 0, 0.98%, 0, 0, 8, 3667.81
1562612097, 870, 382, 554, 0, 0, 0.98%, 0, 0, 8, 1821.78
1562612122, 871, 551, 554, 0, 0, 0.98%, 0, 0, 8, 3666.99
1562612147, 873, 545, 554, 0, 0, 0.98%, 0, 0, 8, 2440.16
1562612172, 875, 346, 554, 0, 0, 0.98%, 0, 0, 8, 1876.22
1562612197, 876, 550, 554, 0, 0, 0.98%, 0, 0, 8, 3790.68
1562612222, 878, 515, 554, 0, 0, 0.98%, 0, 0, 8, 804.54
1562612247, 880, 133, 554, 0, 0, 0.98%, 0, 0, 8, 3897.78
1562612272, 881, 551, 554, 0, 0, 0.98%, 0, 0, 8, 3885.99
1562612298, 883, 373, 554, 0, 0, 0.98%, 0, 0, 8, 2796.18
1562612323, 884, 551, 554, 0, 0, 0.98%, 0, 0, 8, 4382.10
1562612348, 886, 548, 554, 0, 0, 0.98%, 0, 0, 8, 3160.59
1562612373, 888, 418, 554, 0, 0, 0.98%, 0, 0, 8, 2675.60
1562612398, 890, 4, 554, 0, 0, 0.98%, 0, 0, 8, 3951.74
1562612423, 891, 548, 554, 0, 0, 0.98%, 0, 0, 8, 3370.76
1562612448, 893, 450, 554, 0, 0, 0.98%, 0, 0, 8, 2919.17
1562612473, 895, 105, 554, 0, 0, 0.98%, 0, 0, 8, 3362.82
1562612498, 896, 551, 554, 0, 0, 0.98%, 0, 0, 8, 3441.48
1562612524, 898, 545, 554, 0, 0, 0.98%, 0, 0, 8, 4581.45
1562612549, 900, 501, 554, 0, 0, 0.98%, 0, 0, 8, 2901.94
1562612574, 902, 1, 554, 0, 0, 0.98%, 0, 0, 8, 3789.66
1562612599, 903, 548, 554, 0, 0, 0.98%, 0, 0, 8, 3184.04
1562612624, 905, 544, 554, 0, 0, 0.98%, 0, 0, 8, 2962.80
1562612649, 907, 192, 554, 0, 0, 0.98%, 0, 0, 8, 4365.00
1562612674, 908, 551, 554, 0, 0, 0.98%, 0, 0, 8, 3951.06
1562612699, 910, 548, 554, 0, 0, 0.98%, 0, 0, 8, 3457.72
1562612724, 912, 539, 554, 0, 0, 0.98%, 0, 0, 8, 2558.35
1562612750, 914, 312, 554, 0, 0, 0.98%, 0, 0, 8, 1873.95
1562612775, 915, 551, 554, 0, 0, 0.98%, 0, 0, 8, 3341.09
1562612800, 917, 539, 554, 0, 0, 0.98%, 0, 0, 8, 2360.78
1562612825, 919, 119, 554, 0, 0, 0.98%, 0, 0, 8, 592.59
1562612850, 920, 548, 554, 0, 0, 0.98%, 0, 0, 8, 4238.77
1562612875, 922, 541, 554, 0, 0, 0.98%, 0, 0, 8, 2921.00
1562612900, 924, 279, 554, 0, 0, 0.98%, 0, 0, 8, 3110.18
1562612925, 926, 2, 554, 0, 0, 0.98%, 0, 0, 8, 3695.88
1562612950, 927, 548, 554, 0, 0, 0.98%, 0, 0, 8, 3410.09
1562612975, 929, 521, 554, 0, 0, 0.98%, 0, 0, 8, 2306.84
1562613000, 930, 551, 554, 0, 0, 0.98%, 0, 0, 8, 4416.73
1562613025, 932, 548, 554, 0, 0, 0.98%, 0, 0, 8, 3155.81
1562613051, 934, 546, 554, 0, 0, 0.98%, 0, 0, 8, 3751.81
1562613076, 936, 260, 554, 0, 0, 0.98%, 0, 0, 8, 2856.15
1562613101, 937, 551, 554, 0, 0, 0.98%, 0, 0, 8, 3740.80
1562613126, 939, 480, 554, 0, 0, 0.98%, 0, 0, 8, 2696.25
1562613151, 941, 96, 554, 0, 0, 0.98%, 0, 0, 8, 3280.70
1562613176, 942, 545, 554, 0, 0, 0.98%, 0, 0, 8, 3149.14
1562613201, 944, 113, 554, 0, 0, 0.98%, 0, 0, 8, 3456.06
1562613226, 945, 551, 554, 0, 0, 0.98%, 0, 0, 8, 3448.70
1562613251, 947, 544, 554, 0, 0, 0.98%, 0, 0, 8, 2725.80
1562613277, 949, 276, 554, 0, 0, 0.98%, 0, 0, 8, 2906.93
1562613302, 950, 551, 554, 0, 0, 0.98%, 0, 0, 8, 3593.46
1562613327, 952, 548, 554, 0, 0, 0.98%, 0, 0, 8, 3298.94
1562613352, 954, 347, 554, 0, 0, 0.98%, 0, 0, 8, 2514.34
1562613377, 955, 551, 554, 0, 0, 0.98%, 0, 0, 8, 2899.38
1562613402, 957, 284, 554, 0, 0, 0.98%, 0, 0, 8, 2499.68
1562613427, 958, 548, 554, 0, 0, 0.98%, 0, 0, 8, 3873.62
1562613452, 960, 496, 554, 0, 0, 0.98%, 0, 0, 8, 2604.21
1562613478, 962, 211, 554, 0, 0, 0.98%, 0, 0, 8, 3201.75
1562613503, 964, 2, 554, 0, 0, 0.98%, 0, 0, 8, 3779.72
1562613528, 965, 539, 554, 0, 0, 0.98%, 0, 0, 8, 2559.59
1562613553, 967, 241, 554, 0, 0, 0.98%, 0, 0, 8, 1194.21
1562613578, 968, 551, 554, 0, 0, 0.98%, 0, 0, 8, 3386.42
1562613603, 970, 462, 554, 0, 0, 0.98%, 0, 0, 8, 2730.80
1562613628, 971, 551, 554, 0, 0, 0.98%, 0, 0, 8, 3818.72
1562613653, 973, 551, 554, 0, 0, 0.98%, 0, 0, 8, 3308.77
1562613678, 975, 545, 554, 0, 0, 0.98%, 0, 0, 8, 2678.11
1562613704, 977, 452, 554, 0, 0, 0.98%, 0, 0, 8, 1835.30
1562613729, 979, 209, 554, 0, 0, 0.98%, 0, 0, 8, 483.45
1562613754, 980, 548, 554, 0, 0, 0.98%, 0, 0, 8, 4477.61
1562613779, 982, 539, 554, 0, 0, 0.98%, 0, 0, 8, 1872.67
1562613804, 984, 216, 554, 0, 0, 0.98%, 0, 0, 8, 2981.96
1562613829, 985, 548, 554, 0, 0, 0.98%, 0, 0, 8, 3801.63
1562613855, 987, 464, 554, 0, 0, 0.98%, 0, 0, 8, 1811.33
1562613880, 988, 552, 554, 0, 0, 0.98%, 0, 0, 8, 3514.29
1562613905, 990, 548, 554, 0, 0, 0.98%, 0, 0, 8, 2826.64
1562613930, 992, 274, 554, 0, 0, 0.98%, 0, 0, 8, 2906.53
1562613955, 993, 551, 554, 0, 0, 0.98%, 0, 0, 8, 3177.51
1562613980, 995, 134, 554, 0, 0, 0.98%, 0, 0, 8, 3389.64
1562614006, 996, 482, 554, 0, 0, 0.98%, 0, 0, 8, 2623.20
1562614031, 998, 105, 554, 0, 0, 0.98%, 0, 0, 8, 3396.17
1562614056, 999, 548, 554, 0, 0, 0.98%, 0, 0, 8, 3651.39
1562614081, 1001, 320, 554, 0, 0, 0.98%, 0, 0, 8, 2751.11
1562614106, 1003, 32, 554, 0, 0, 0.98%, 0, 0, 8, 3957.20
1562614131, 1004, 548, 554, 0, 0, 0.98%, 0, 0, 8, 4235.68
1562614156, 1006, 374, 554, 0, 0, 0.98%, 0, 0, 8, 3034.22
1562614182, 1008, 49, 554, 0, 0, 0.98%, 0, 0, 8, 3489.85
1562614207, 1009, 551, 554, 0, 0, 0.98%, 0, 0, 8, 3282.99
1562614232, 1011, 544, 554, 0, 0, 0.98%, 0, 0, 8, 2969.74
1562614257, 1013, 544, 554, 0, 0, 0.98%, 0, 0, 8, 2872.77
1562614282, 1015, 541, 554, 0, 0, 0.98%, 0, 0, 8, 2935.32
1562614307, 1017, 327, 554, 0, 0, 0.98%, 0, 0, 8, 2893.13
1562614332, 1019, 137, 554, 0, 0, 0.98%, 0, 0, 8, 3802.29
1562614358, 1021, 156, 554, 0, 0, 0.98%, 0, 0, 8, 823.47
1562614383, 1023, 104, 554, 0, 0, 0.98%, 0, 0, 8, 3131.43
1562614408, 1024, 551, 554, 0, 0, 0.98%, 0, 0, 8, 3620.71
1562614433, 1026, 551, 554, 0, 0, 0.98%, 0, 0, 8, 3129.05
1562614458, 1028, 545, 554, 0, 0, 0.98%, 0, 0, 8, 2572.55
1562614483, 1030, 541, 554, 0, 0, 0.98%, 0, 0, 8, 2538.05
1562614508, 1032, 534, 554, 0, 0, 0.98%, 0, 0, 8, 1426.67
1562614534, 1034, 532, 554, 0, 0, 0.98%, 0, 0, 8, 3149.58
1562614559, 1036, 333, 554, 0, 0, 0.98%, 0, 0, 8, 3183.21
1562614584, 1038, 338, 554, 0, 0, 0.98%, 0, 0, 8, 2948.95
1562614609, 1040, 339, 554, 0, 0, 0.98%, 0, 0, 8, 3335.21
1562614634, 1042, 1, 554, 0, 0, 0.98%, 0, 0, 8, 3690.23
1562614659, 1043, 551, 554, 0, 0, 0.98%, 0, 0, 8, 2629.03
1562614684, 1045, 539, 554, 0, 0, 0.98%, 0, 0, 8, 2590.01
1562614710, 1047, 307, 554, 0, 0, 0.98%, 0, 0, 8, 2989.30
1562614735, 1049, 260, 554, 0, 0, 0.98%, 0, 0, 8, 3031.75
1562614760, 1051, 170, 554, 0, 0, 0.98%, 0, 0, 8, 3210.42
1562614785, 1052, 551, 554, 0, 0, 0.98%, 0, 0, 8, 3122.05
1562614810, 1054, 528, 554, 0, 0, 0.98%, 0, 0, 8, 2679.96
1562614835, 1056, 430, 554, 0, 0, 0.98%, 0, 0, 8, 2464.08
1562614860, 1058, 455, 554, 0, 0, 0.98%, 0, 0, 8, 2623.79
1562614886, 1060, 483, 554, 0, 0, 0.98%, 0, 0, 8, 1741.24
1562614911, 1062, 530, 554, 0, 0, 0.98%, 0, 0, 8, 2199.26
1562614936, 1064, 553, 554, 0, 0, 0.98%, 0, 0, 8, 3482.39
1562614961, 1067, 142, 554, 0, 0, 0.98%, 0, 0, 8, 3157.72
1562614986, 1069, 338, 554, 0, 0, 0.98%, 0, 0, 8, 2540.75
1562615011, 1071, 538, 554, 0, 0, 0.98%, 0, 0, 8, 3257.73
1562615036, 1074, 2, 554, 0, 0, 0.98%, 0, 0, 8, 3289.77
1562615062, 1076, 321, 554, 0, 0, 0.98%, 0, 0, 8, 2948.98
1562615087, 1078, 544, 554, 0, 0, 0.98%, 0, 0, 8, 2130.45
1562615112, 1080, 543, 554, 0, 0, 0.98%, 0, 0, 8, 4119.71
1562615137, 1082, 541, 554, 0, 0, 0.98%, 0, 0, 8, 3805.00
1562615162, 1085, 1, 554, 0, 0, 0.98%, 0, 0, 8, 3584.25
1562615187, 1087, 249, 554, 0, 0, 0.98%, 0, 0, 8, 2721.00
1562615213, 1089, 419, 554, 0, 0, 0.98%, 0, 0, 8, 2477.67
1562615238, 1091, 541, 554, 0, 0, 0.98%, 0, 0, 8, 2466.57
1562615263, 1093, 544, 554, 0, 0, 0.98%, 0, 0, 8, 2593.81
1562615288, 1095, 541, 554, 0, 0, 0.98%, 0, 0, 8, 3877.50
1562615313, 1097, 550, 554, 0, 0, 0.98%, 0, 0, 8, 4049.99
1562615338, 1100, 79, 554, 0, 0, 0.98%, 0, 0, 8, 3635.00
1562615363, 1102, 200, 554, 0, 0, 0.98%, 0, 0, 8, 3132.39
1562615389, 1104, 545, 554, 0, 0, 0.98%, 0, 0, 8, 3097.75
1562615414, 1106, 515, 554, 0, 0, 0.98%, 0, 0, 8, 1580.57
1562615439, 1108, 539, 554, 0, 0, 0.98%, 0, 0, 8, 2320.00
1562615464, 1110, 539, 554, 0, 0, 0.98%, 0, 0, 8, 2379.20
1562615489, 1112, 551, 554, 0, 0, 0.98%, 0, 0, 8, 3631.28
1562615514, 1115, 332, 554, 0, 0, 0.98%, 0, 0, 8, 168.38
1562615539, 1117, 161, 554, 0, 0, 0.98%, 0, 0, 8, 2965.17
1562615564, 1119, 365, 554, 0, 0, 0.98%, 0, 0, 8, 2884.34
1562615589, 1121, 392, 554, 0, 0, 0.98%, 0, 0, 8, 2615.31
1562615615, 1123, 354, 554, 0, 0, 0.98%, 0, 0, 8, 2974.18
1562615640, 1125, 272, 554, 0, 0, 0.98%, 0, 0, 8, 2724.60
1562615665, 1127, 240, 554, 0, 0, 0.98%, 0, 0, 8, 3320.60
1562615690, 1129, 372, 554, 0, 0, 0.98%, 0, 0, 8, 2713.95
1562615715, 1131, 541, 554, 0, 0, 0.98%, 0, 0, 8, 2571.38
1562615740, 1133, 548, 554, 0, 0, 0.98%, 0, 0, 8, 2714.47
1562615765, 1135, 551, 554, 0, 0, 0.98%, 0, 0, 8, 3829.42
1562615791, 1137, 553, 554, 0, 0, 0.98%, 0, 0, 8, 3028.95
1562615816, 1140, 176, 554, 0, 0, 0.98%, 0, 0, 8, 3666.71
1562615841, 1142, 280, 554, 0, 0, 0.98%, 0, 0, 8, 2848.50
1562615866, 1144, 315, 554, 0, 0, 0.98%, 0, 0, 8, 3076.59
1562615891, 1146, 392, 554, 0, 0, 0.98%, 0, 0, 8, 2391.88
1562615916, 1148, 535, 554, 0, 0, 0.98%, 0, 0, 8, 892.37
1562615941, 1150, 545, 554, 0, 0, 0.98%, 0, 0, 8, 3142.76
1562615966, 1152, 548, 554, 0, 0, 0.98%, 0, 0, 8, 3249.05
1562615991, 1155, 62, 554, 0, 0, 0.98%, 0, 0, 8, 3489.35
1562616016, 1157, 354, 554, 0, 0, 0.98%, 0, 0, 8, 2618.11
1562616041, 1159, 525, 554, 0, 0, 0.98%, 0, 0, 8, 2453.40
1562616066, 1162, 1, 554, 0, 0, 0.98%, 0, 0, 8, 3373.23
1562616092, 1164, 274, 554, 0, 0, 0.98%, 0, 0, 8, 2842.73
1562616117, 1166, 168, 554, 0, 0, 0.98%, 0, 0, 8, 3247.75
1562616142, 1168, 358, 554, 0, 0, 0.98%, 0, 0, 8, 2770.30
1562616167, 1170, 545, 554, 0, 0, 0.98%, 0, 0, 8, 2861.14
1562616192, 1172, 551, 554, 0, 0, 0.98%, 0, 0, 8, 4354.49
1562616217, 1175, 124, 554, 0, 0, 0.98%, 0, 0, 8, 3116.42
1562616242, 1177, 489, 554, 0, 0, 0.98%, 0, 0, 8, 2578.31
1562616267, 1179, 541, 554, 0, 0, 0.98%, 0, 0, 8, 2647.96
1562616292, 1181, 535, 554, 0, 0, 0.98%, 0, 0, 8, 2823.70
1562616317, 1184, 1, 554, 0, 0, 0.98%, 0, 0, 8, 2975.50
1562616343, 1186, 114, 554, 0, 0, 0.98%, 0, 0, 8, 3111.42
1562616368, 1188, 240, 554, 0, 0, 0.98%, 0, 0, 8, 2935.54
1562616393, 1190, 124, 554, 0, 0, 0.98%, 0, 0, 8, 3296.58
1562616418, 1192, 439, 554, 0, 0, 0.98%, 0, 0, 8, 2593.73
1562616443, 1194, 541, 554, 0, 0, 0.98%, 0, 0, 8, 2617.22
1562616468, 1197, 51, 554, 0, 0, 0.98%, 0, 0, 8, 3440.98
1562616493, 1199, 260, 554, 0, 0, 0.98%, 0, 0, 8, 2917.70
1562616518, 1201, 178, 554, 0, 0, 0.98%, 0, 0, 8, 2926.80
1562616543, 1203, 343, 554, 0, 0, 0.98%, 0, 0, 8, 2950.58
1562616568, 1205, 418, 554, 0, 0, 0.98%, 0, 0, 8, 2757.26
1562616593, 1207, 544, 554, 0, 0, 0.98%, 0, 0, 8, 2677.45
1562616618, 1209, 551, 554, 0, 0, 0.98%, 0, 0, 8, 3186.22
1562616644, 1212, 111, 554, 0, 0, 0.98%, 0, 0, 8, 3179.75
1562616669, 1214, 407, 554, 0, 0, 0.98%, 0, 0, 8, 521.05
1562616694, 1216, 335, 554, 0, 0, 0.98%, 0, 0, 8, 2524.01
1562616719, 1218, 539, 554, 0, 0, 0.98%, 0, 0, 8, 2274.01
1562616744, 1220, 551, 554, 0, 0, 0.98%, 0, 0, 8, 3117.87
1562616769, 1222, 545, 554, 0, 0, 0.98%, 0, 0, 8, 1837.70
1562616795, 1225, 1, 554, 0, 0, 0.98%, 0, 0, 8, 3143.07
1562616820, 1227, 183, 554, 0, 0, 0.98%, 0, 0, 8, 3014.23
1562616845, 1229, 173, 554, 0, 0, 0.98%, 0, 0, 8, 3049.52
1562616870, 1231, 209, 554, 0, 0, 0.98%, 0, 0, 8, 2948.69
1562616895, 1233, 366, 554, 0, 0, 0.98%, 0, 0, 8, 2875.70
1562616920, 1235, 545, 554, 0, 0, 0.98%, 0, 0, 8, 3226.35
1562616945, 1238, 65, 554, 0, 0, 0.98%, 0, 0, 8, 3089.26
1562616971, 1240, 327, 554, 0, 0, 0.98%, 0, 0, 8, 2849.13
1562616996, 1242, 544, 554, 0, 0, 0.98%, 0, 0, 8, 2863.20
1562617021, 1244, 545, 554, 0, 0, 0.98%, 0, 0, 8, 3197.77
1562617046, 1247, 1, 554, 0, 0, 0.98%, 0, 0, 8, 4093.60
1562617071, 1249, 269, 554, 0, 0, 0.98%, 0, 0, 8, 2681.46
1562617096, 1251, 541, 554, 0, 0, 0.98%, 0, 0, 8, 2542.70
1562617121, 1253, 343, 554, 0, 0, 0.98%, 0, 0, 8, 3099.40
1562617146, 1255, 410, 554, 0, 0, 0.98%, 0, 0, 8, 2523.59
1562617171, 1257, 518, 554, 0, 0, 0.98%, 0, 0, 8, 2577.68
1562617196, 1260, 1, 554, 0, 0, 0.98%, 0, 0, 8, 3065.73
1562617222, 1262, 62, 554, 0, 0, 0.98%, 0, 0, 8, 3300.59
1562617247, 1264, 528, 554, 0, 0, 0.98%, 0, 0, 8, 2346.30
1562617272, 1267, 2, 554, 0, 0, 0.98%, 0, 0, 8, 3373.49
1562617297, 1269, 1, 554, 0, 0, 0.98%, 0, 0, 8, 3492.51
1562617322, 1271, 120, 554, 0, 0, 0.98%, 0, 0, 8, 2870.00
1562617347, 1273, 242, 554, 0, 0, 0.98%, 0, 0, 8, 3307.55
1562617373, 1275, 350, 554, 0, 0, 0.98%, 0, 0, 8, 2705.28
1562617398, 1277, 39, 554, 0, 0, 0.98%, 0, 0, 8, 3641.29
1562617423, 1279, 162, 554, 0, 0, 0.98%, 0, 0, 8, 2799.63
1562617448, 1281, 328, 554, 0, 0, 0.98%, 0, 0, 8, 2805.07
1562617473, 1283, 544, 554, 0, 0, 0.98%, 0, 0, 8, 2786.39
1562617498, 1285, 549, 554, 0, 0, 0.98%, 0, 0, 8, 3245.75
1562617523, 1287, 445, 554, 0, 0, 0.98%, 0, 0, 8, 2778.45
1562617548, 1289, 543, 554, 0, 0, 0.98%, 0, 0, 8, 2468.05
1562617574, 1292, 2, 554, 0, 0, 0.98%, 0, 0, 8, 3113.94
1562617599, 1294, 196, 554, 0, 0, 0.98%, 0, 0, 8, 3194.71
1562617624, 1296, 449, 554, 0, 0, 0.98%, 0, 0, 8, 2936.69
1562617649, 1298, 541, 554, 0, 0, 0.98%, 0, 0, 8, 2522.63
1562617674, 1300, 551, 554, 0, 0, 0.98%, 0, 0, 8, 3202.20
1562617699, 1303, 274, 554, 0, 0, 0.98%, 0, 0, 8, 3039.92
1562617724, 1305, 544, 554, 0, 0, 0.98%, 0, 0, 8, 2564.39
1562617749, 1307, 545, 554, 0, 0, 0.98%, 0, 0, 8, 3958.88
1562617775, 1310, 135, 554, 0, 0, 0.98%, 0, 0, 8, 614.41
1562617800, 1312, 149, 554, 0, 0, 0.98%, 0, 0, 8, 3306.64
1562617825, 1314, 503, 554, 0, 0, 0.98%, 0, 0, 8, 2678.59
1562617850, 1316, 551, 554, 0, 0, 0.98%, 0, 0, 8, 3097.80
1562617875, 1319, 140, 554, 0, 0, 0.98%, 0, 0, 8, 3413.69
1562617900, 1321, 389, 554, 0, 0, 0.98%, 0, 0, 8, 2773.59
1562617925, 1323, 539, 554, 0, 0, 0.98%, 0, 0, 8, 459.92
1562617950, 1326, 1, 554, 0, 0, 0.98%, 0, 0, 8, 3276.07
1562617975, 1327, 548, 554, 0, 0, 0.98%, 0, 0, 8, 2783.41
1562618001, 1330, 1, 554, 0, 0, 0.98%, 0, 0, 8, 3599.65
1562618026, 1332, 2, 554, 0, 0, 0.98%, 0, 0, 8, 3359.58
1562618051, 1334, 303, 554, 0, 0, 0.98%, 0, 0, 8, 1488.04
1562618076, 1336, 463, 554, 0, 0, 0.98%, 0, 0, 8, 2398.70
1562618101, 1338, 545, 554, 0, 0, 0.98%, 0, 0, 8, 4332.60
1562618126, 1340, 553, 554, 0, 0, 0.98%, 0, 0, 8, 3618.85
1562618151, 1343, 161, 554, 0, 0, 0.98%, 0, 0, 8, 3014.76
1562618177, 1345, 312, 554, 0, 0, 0.98%, 0, 0, 8, 2926.96
1562618202, 1347, 515, 554, 0, 0, 0.98%, 0, 0, 8, 2097.41
1562618227, 1349, 554, 555, 1, 1, 0.98%, 0, 0, 8, 2810.64
1562618402, 1352, 2, 555, 0, 0, 0.98%, 0, 0, 8, 3135.51
1562618428, 1354, 347, 555, 0, 0, 0.98%, 0, 0, 8, 2857.07
1562618453, 1356, 399, 555, 0, 0, 0.98%, 0, 0, 8, 2853.47
1562618478, 1358, 548, 555, 0, 0, 0.98%, 0, 0, 8, 3411.07
1562618503, 1361, 1, 555, 0, 0, 0.98%, 0, 0, 8, 3344.03
1562618528, 1363, 170, 555, 0, 0, 0.98%, 0, 0, 8, 3506.65
1562618553, 1365, 383, 555, 0, 0, 0.98%, 0, 0, 8, 2844.17
1562618578, 1367, 353, 555, 0, 0, 0.98%, 0, 0, 8, 2814.17
1562618603, 1369, 539, 555, 0, 0, 0.98%, 0, 0, 8, 505.34
1562618628, 1372, 29, 555, 0, 0, 0.98%, 0, 0, 8, 3130.47
1562618654, 1374, 2, 555, 0, 0, 0.98%, 0, 0, 8, 3845.99
1562618679, 1376, 297, 555, 0, 0, 0.98%, 0, 0, 8, 2860.06
1562618704, 1378, 548, 555, 0, 0, 0.98%, 0, 0, 8, 3057.56
1562618729, 1381, 48, 555, 0, 0, 0.98%, 0, 0, 8, 3528.58
1562618754, 1383, 485, 555, 0, 0, 0.98%, 0, 0, 8, 2673.16
1562618779, 1385, 545, 555, 0, 0, 0.98%, 0, 0, 8, 2921.11
1562618804, 1388, 228, 555, 0, 0, 0.98%, 0, 0, 8, 3078.63
1562618829, 1390, 268, 555, 0, 0, 0.98%, 0, 0, 8, 3196.08
1562618854, 1392, 541, 555, 0, 0, 0.98%, 0, 0, 8, 3677.58
1562618879, 1394, 548, 555, 0, 0, 0.98%, 0, 0, 8, 396.69
1562618904, 1397, 177, 555, 0, 0, 0.98%, 0, 0, 8, 3079.59
1562618930, 1399, 395, 555, 0, 0, 0.98%, 0, 0, 8, 2876.63
1562618955, 1401, 545, 555, 0, 0, 0.98%, 0, 0, 8, 4268.30
1562618980, 1403, 554, 555, 0, 0, 0.98%, 0, 0, 8, 3214.09
1562619005, 1405, 550, 555, 0, 0, 0.98%, 0, 0, 8, 3678.77
1562619030, 1408, 183, 555, 0, 0, 0.98%, 0, 0, 8, 3055.34
1562619055, 1410, 326, 555, 0, 0, 0.98%, 0, 0, 8, 3065.60
1562619080, 1412, 544, 555, 0, 0, 0.98%, 0, 0, 8, 3101.61
1562619105, 1415, 1, 555, 0, 0, 0.98%, 0, 0, 8, 4017.39
1562619130, 1416, 549, 555, 0, 0, 0.98%, 0, 0, 8, 4095.76
1562619156, 1419, 190, 555, 0, 0, 0.98%, 0, 0, 8, 3144.86
1562619181, 1420, 553, 555, 0, 0, 0.98%, 0, 0, 8, 4422.41
1562619206, 1423, 18, 555, 0, 0, 0.98%, 0, 0, 8, 3447.60
1562619231, 1425, 179, 555, 0, 0, 0.98%, 0, 0, 8, 1179.24
1562619256, 1427, 314, 555, 0, 0, 0.98%, 0, 0, 8, 3194.87
1562619281, 1429, 213, 555, 0, 0, 0.98%, 0, 0, 8, 3681.46
1562619306, 1431, 359, 555, 0, 0, 0.98%, 0, 0, 8, 2115.73
1562619331, 1433, 545, 555, 0, 0, 0.98%, 0, 0, 8, 3914.12
1562619356, 1436, 1, 555, 0, 0, 0.98%, 0, 0, 8, 3464.35
1562619381, 1438, 83, 555, 0, 0, 0.98%, 0, 0, 8, 3406.06
1562619406, 1440, 352, 555, 0, 0, 0.98%, 0, 0, 8, 2725.86
1562619431, 1442, 547, 555, 0, 0, 0.98%, 0, 0, 8, 3237.37
1562619456, 1444, 539, 555, 0, 0, 0.98%, 0, 0, 8, 2600.72
1562619481, 1446, 549, 555, 0, 0, 0.98%, 0, 0, 8, 4433.01
1562619507, 1448, 538, 555, 0, 0, 0.98%, 0, 0, 8, 2488.29
1562619532, 1451, 2, 555, 0, 0, 0.98%, 0, 0, 8, 3683.63
1562619557, 1453, 471, 555, 0, 0, 0.98%, 0, 0, 8, 2716.35
1562619582, 1455, 544, 555, 0, 0, 0.98%, 0, 0, 8, 2604.41
1562619607, 1457, 548, 555, 0, 0, 0.98%, 0, 0, 8, 2799.51
1562619632, 1459, 554, 555, 0, 0, 0.98%, 0, 0, 8, 3277.87
1562619657, 1462, 302, 555, 0, 0, 0.98%, 0, 0, 8, 2914.42
1562619682, 1464, 545, 555, 0, 0, 0.98%, 0, 0, 8, 4269.92
1562619707, 1467, 207, 555, 0, 0, 0.98%, 0, 0, 8, 3682.42
1562619733, 1469, 509, 555, 0, 0, 0.98%, 0, 0, 8, 1877.65
1562619758, 1472, 2, 555, 0, 0, 0.98%, 0, 0, 8, 4571.18
1562619783, 1474, 104, 555, 0, 0, 0.98%, 0, 0, 8, 3510.17
1562619808, 1476, 210, 555, 0, 0, 0.98%, 0, 0, 8, 3622.05
1562619833, 1478, 545, 555, 0, 0, 0.98%, 0, 0, 8, 3937.85
1562619858, 1481, 77, 555, 0, 0, 0.98%, 0, 0, 8, 3048.24
1562619883, 1483, 373, 555, 0, 0, 0.98%, 0, 0, 8, 2991.82
1562619908, 1485, 477, 555, 0, 0, 0.98%, 0, 0, 8, 2794.21
1562619933, 1487, 545, 555, 0, 0, 0.98%, 0, 0, 8, 2954.25
1562619958, 1490, 12, 555, 0, 0, 0.98%, 0, 0, 8, 3545.77
1562619984, 1492, 228, 555, 0, 0, 0.98%, 0, 0, 8, 2289.74
1562620009, 1494, 172, 555, 0, 0, 0.98%, 0, 0, 8, 3141.47
1562620034, 1496, 414, 555, 0, 0, 0.98%, 0, 0, 8, 2753.39
1562620059, 1498, 293, 555, 0, 0, 0.98%, 0, 0, 8, 3513.32
1562620084, 1500, 542, 555, 0, 0, 0.98%, 0, 0, 8, 2095.21
1562620109, 1502, 548, 555, 0, 0, 0.98%, 0, 0, 8, 2984.95
1562620134, 1505, 2, 555, 0, 0, 0.98%, 0, 0, 8, 3605.79
1562620159, 1507, 1, 555, 0, 0, 0.98%, 0, 0, 8, 3382.94
1562620184, 1509, 44, 555, 0, 0, 0.98%, 0, 0, 8, 3338.73
1562620209, 1511, 484, 555, 0, 0, 0.98%, 0, 0, 8, 2782.55
1562620234, 1513, 554, 555, 0, 0, 0.98%, 0, 0, 8, 3215.98
1562620259, 1516, 211, 555, 0, 0, 0.98%, 0, 0, 8, 3097.70
1562620284, 1518, 494, 555, 0, 0, 0.98%, 0, 0, 8, 3362.69
1562620309, 1520, 539, 555, 0, 0, 0.98%, 0, 0, 8, 2151.00
1562620334, 1522, 548, 555, 0, 0, 0.98%, 0, 0, 8, 3725.83
1562620359, 1525, 100, 555, 0, 0, 0.98%, 0, 0, 8, 3896.22
1562620385, 1527, 246, 555, 0, 0, 0.98%, 0, 0, 8, 1074.23
1562620410, 1529, 83, 555, 0, 0, 0.98%, 0, 0, 8, 3856.70
1562620435, 1531, 389, 555, 0, 0, 0.98%, 0, 0, 8, 3099.84
1562620460, 1533, 331, 555, 0, 0, 0.98%, 0, 0, 8, 316.83
1562620485, 1535, 545, 555, 0, 0, 0.98%, 0, 0, 8, 2838.86
1562620510, 1537, 549, 555, 0, 0, 0.98%, 0, 0, 8, 3323.16
1562620535, 1539, 544, 555, 0, 0, 0.98%, 0, 0, 8, 2675.74
1562620560, 1541, 553, 555, 0, 0, 0.98%, 0, 0, 8, 2947.25
1562620586, 1544, 8, 555, 0, 0, 0.98%, 0, 0, 8, 4029.59
1562620611, 1546, 366, 555, 0, 0, 0.98%, 0, 0, 8, 1527.30
1562620636, 1548, 543, 555, 0, 0, 0.98%, 0, 0, 8, 2779.49
1562620661, 1551, 2, 555, 0, 0, 0.98%, 0, 0, 8, 4357.70
1562620686, 1553, 232, 555, 0, 0, 0.98%, 0, 0, 8, 1336.16
1562620711, 1555, 249, 555, 0, 0, 0.98%, 0, 0, 8, 2926.80
1562620736, 1557, 545, 555, 0, 0, 0.98%, 0, 0, 8, 3559.12
1562620761, 1560, 80, 555, 0, 0, 0.98%, 0, 0, 8, 3257.83
1562620786, 1562, 500, 555, 0, 0, 0.98%, 0, 0, 8, 2495.22
1562620812, 1564, 544, 555, 0, 0, 0.98%, 0, 0, 8, 3046.07
1562620837, 1567, 1, 555, 0, 0, 0.98%, 0, 0, 8, 3144.95
1562620862, 1569, 364, 555, 0, 0, 0.98%, 0, 0, 8, 2420.22
1562620887, 1571, 351, 555, 0, 0, 0.98%, 0, 0, 8, 2805.52
1562620912, 1573, 544, 555, 0, 0, 0.98%, 0, 0, 8, 2610.08
1562620937, 1575, 544, 555, 0, 0, 0.98%, 0, 0, 8, 2657.00
1562620962, 1578, 27, 555, 0, 0, 0.98%, 0, 0, 8, 3634.64
1562620987, 1580, 284, 555, 0, 0, 0.98%, 0, 0, 8, 2858.29
1562621012, 1582, 541, 555, 0, 0, 0.98%, 0, 0, 8, 2683.66
1562621038, 1584, 548, 555, 0, 0, 0.98%, 0, 0, 8, 2618.63
1562621063, 1587, 259, 555, 0, 0, 0.98%, 0, 0, 8, 2984.96
1562621088, 1589, 356, 555, 0, 0, 0.98%, 0, 0, 8, 1111.26
1562621113, 1591, 544, 555, 0, 0, 0.98%, 0, 0, 8, 4160.18
1562621138, 1593, 548, 555, 0, 0, 0.98%, 0, 0, 8, 2951.79
1562621163, 1596, 71, 555, 0, 0, 0.98%, 0, 0, 8, 3458.88
1562621189, 1597, 554, 555, 0, 0, 0.98%, 0, 0, 8, 4246.13
1562621214, 1600, 55, 555, 0, 0, 0.98%, 0, 0, 8, 3474.84
1562621239, 1602, 290, 555, 0, 0, 0.98%, 0, 0, 8, 1491.09
1562621264, 1604, 499, 555, 0, 0, 0.98%, 0, 0, 8, 2653.16
1562621289, 1606, 545, 555, 0, 0, 0.98%, 0, 0, 8, 2877.31
1562621314, 1609, 2, 555, 0, 0, 0.98%, 0, 0, 8, 4613.16
1562621339, 1610, 542, 555, 0, 0, 0.98%, 0, 0, 8, 3047.99
1562621364, 1613, 1, 555, 0, 0, 0.98%, 0, 0, 8, 3739.30
1562621389, 1615, 124, 555, 0, 0, 0.98%, 0, 0, 8, 3267.05
1562621415, 1617, 217, 555, 0, 0, 0.98%, 0, 0, 8, 3302.81
1562621440, 1619, 539, 555, 0, 0, 0.98%, 0, 0, 8, 2697.21
1562621465, 1621, 554, 555, 0, 0, 0.98%, 0, 0, 8, 3919.26
1562621490, 1624, 211, 555, 0, 0, 0.98%, 0, 0, 8, 2922.52
1562621515, 1626, 493, 555, 0, 0, 0.98%, 0, 0, 8, 2632.96
1562621540, 1628, 548, 555, 0, 0, 0.98%, 0, 0, 8, 3121.19
1562621565, 1631, 1, 555, 0, 0, 0.98%, 0, 0, 8, 3700.33
1562621590, 1633, 355, 555, 0, 0, 0.98%, 0, 0, 8, 1231.32
1562621615, 1635, 554, 555, 0, 0, 0.98%, 0, 0, 8, 3366.05
1562621641, 1638, 294, 555, 0, 0, 0.98%, 0, 0, 8, 3161.54
1562621666, 1640, 539, 555, 0, 0, 0.98%, 0, 0, 8, 2577.55
1562621691, 1643, 52, 555, 0, 0, 0.98%, 0, 0, 8, 3661.94
1562621716, 1645, 492, 555, 0, 0, 0.98%, 0, 0, 8, 1.89
1562621741, 1647, 541, 555, 0, 0, 0.98%, 0, 0, 8, 2403.42
1562621766, 1649, 554, 555, 0, 0, 0.98%, 0, 0, 8, 3533.53
1562621791, 1652, 391, 555, 0, 0, 0.98%, 0, 0, 8, 2780.21
1562621816, 1654, 545, 555, 0, 0, 0.98%, 0, 0, 8, 3055.54
1562621841, 1656, 554, 555, 0, 0, 0.98%, 0, 0, 8, 3173.96
1562621867, 1659, 22, 555, 0, 0, 0.98%, 0, 0, 8, 4451.21
1562621892, 1661, 252, 555, 0, 0, 0.98%, 0, 0, 8, 3177.03
1562621917, 1663, 539, 555, 0, 0, 0.98%, 0, 0, 8, 2560.66
1562621942, 1665, 548, 555, 0, 0, 0.98%, 0, 0, 8, 3216.60
1562621967, 1667, 541, 555, 0, 0, 0.98%, 0, 0, 8, 2533.29
1562621992, 1669, 544, 555, 0, 0, 0.98%, 0, 0, 8, 2766.50
1562622017, 1672, 103, 555, 0, 0, 0.98%, 0, 0, 8, 3283.60
1562622042, 1674, 210, 555, 0, 0, 0.98%, 0, 0, 8, 3334.91
1562622068, 1676, 511, 555, 0, 0, 0.98%, 0, 0, 8, 2641.31
1562622093, 1678, 539, 555, 0, 0, 0.98%, 0, 0, 8, 1865.34
1562622118, 1680, 543, 555, 0, 0, 0.98%, 0, 0, 8, 2831.82
1562622143, 1682, 547, 555, 0, 0, 0.98%, 0, 0, 8, 4126.81
1562622168, 1685, 237, 555, 0, 0, 0.98%, 0, 0, 8, 3088.50
1562622193, 1687, 391, 555, 0, 0, 0.98%, 0, 0, 8, 2860.96
1562622218, 1689, 554, 555, 0, 0, 0.98%, 0, 0, 8, 3356.17
1562622244, 1692, 318, 555, 0, 0, 0.98%, 0, 0, 8, 3.46
1562622269, 1695, 185, 555, 0, 0, 0.98%, 0, 0, 8, 3012.12
1562622294, 1697, 510, 555, 0, 0, 0.98%, 0, 0, 8, 2751.66
1562622319, 1699, 545, 555, 0, 0, 0.98%, 0, 0, 8, 3087.51
1562622344, 1702, 2, 555, 0, 0, 0.98%, 0, 0, 8, 3763.27
1562622369, 1704, 297, 555, 0, 0, 0.98%, 0, 0, 8, 2910.52
1562622394, 1706, 462, 555, 0, 0, 0.98%, 0, 0, 8, 2774.93
1562622419, 1709, 73, 555, 0, 0, 0.98%, 0, 0, 8, 2579.44
1562622444, 1711, 432, 555, 0, 0, 0.98%, 0, 0, 8, 2855.69
1562622469, 1713, 325, 555, 0, 0, 0.98%, 0, 0, 8, 1338.80
1562622495, 1715, 407, 555, 0, 0, 0.98%, 0, 0, 8, 2945.27
1562622520, 1717, 547, 555, 0, 0, 0.98%, 0, 0, 8, 3438.29
1562622545, 1720, 2, 555, 0, 0, 0.98%, 0, 0, 8, 3430.74
1562622570, 1722, 362, 555, 0, 0, 0.98%, 0, 0, 8, 2064.84
1562622595, 1725, 1, 555, 0, 0, 0.98%, 0, 0, 8, 3358.96
1562622620, 1727, 392, 555, 0, 0, 0.98%, 0, 0, 8, 2772.58
1562622645, 1729, 545, 555, 0, 0, 0.98%, 0, 0, 8, 2593.01
1562622670, 1732, 46, 555, 0, 0, 0.98%, 0, 0, 8, 3231.41
1562622696, 1734, 436, 555, 0, 0, 0.98%, 0, 0, 8, 476.11
1562622721, 1736, 528, 555, 0, 0, 0.98%, 0, 0, 8, 3196.16
1562622746, 1738, 545, 555, 0, 0, 0.98%, 0, 0, 8, 2928.26
1562622771, 1741, 1, 555, 0, 0, 0.98%, 0, 0, 8, 3283.54
1562622796, 1743, 459, 555, 0, 0, 0.98%, 0, 0, 8, 2578.71
1562622821, 1745, 548, 555, 0, 0, 0.98%, 0, 0, 8, 2976.87
1562622846, 1748, 186, 555, 0, 0, 0.98%, 0, 0, 8, 2796.02
1562622872, 1750, 544, 555, 0, 0, 0.98%, 0, 0, 8, 4024.56
1562622897, 1753, 338, 555, 0, 0, 0.98%, 0, 0, 8, 3155.47
1562622922, 1755, 544, 555, 0, 0, 0.98%, 0, 0, 8, 2015.94
1562622947, 1758, 1, 555, 0, 0, 0.98%, 0, 0, 8, 3530.87
1562622972, 1759, 552, 555, 0, 0, 0.98%, 0, 0, 8, 3225.53
1562622997, 1762, 192, 555, 0, 0, 0.98%, 0, 0, 8, 3580.12
1562623022, 1764, 544, 555, 0, 0, 0.98%, 0, 0, 8, 4700.00
1562623047, 1767, 38, 555, 0, 0, 0.98%, 0, 0, 8, 3705.23
1562623072, 1769, 210, 555, 0, 0, 0.98%, 0, 0, 8, 3098.02
1562623098, 1771, 545, 555, 0, 0, 0.98%, 0, 0, 8, 2876.28
1562623123, 1774, 1, 555, 0, 0, 0.98%, 0, 0, 8, 3523.25
1562623148, 1776, 390, 555, 0, 0, 0.98%, 0, 0, 8, 2561.06
1562623173, 1779, 81, 555, 0, 0, 0.98%, 0, 0, 8, 3203.59
1562623198, 1781, 232, 555, 0, 0, 0.98%, 0, 0, 8, 2751.38
1562623223, 1783, 448, 555, 0, 0, 0.98%, 0, 0, 8, 2835.03
1562623248, 1786, 78, 555, 0, 0, 0.98%, 0, 0, 8, 3081.79
1562623274, 1788, 541, 555, 0, 0, 0.98%, 0, 0, 8, 2911.82
1562623299, 1791, 70, 555, 0, 0, 0.98%, 0, 0, 8, 3697.37
1562623324, 1793, 196, 555, 0, 0, 0.98%, 0, 0, 8, 3119.55
1562623349, 1795, 507, 555, 0, 0, 0.98%, 0, 0, 8, 2616.88
1562623374, 1797, 544, 555, 0, 0, 0.98%, 0, 0, 8, 2409.07
1562623399, 1799, 544, 555, 0, 0, 0.98%, 0, 0, 8, 1587.66
1562623424, 1802, 64, 555, 0, 0, 0.98%, 0, 0, 8, 3360.19
1562623449, 1804, 393, 555, 0, 0, 0.98%, 0, 0, 8, 2803.19
1562623475, 1806, 539, 555, 0, 0, 0.98%, 0, 0, 8, 2749.63
1562623500, 1809, 2, 555, 0, 0, 0.98%, 0, 0, 8, 3496.48
1562623525, 1811, 456, 555, 0, 0, 0.98%, 0, 0, 8, 2732.97
1562623550, 1813, 545, 555, 0, 0, 0.98%, 0, 0, 8, 2669.78
1562623575, 1816, 319, 555, 0, 0, 0.98%, 0, 0, 8, 3430.28
1562623600, 1818, 460, 555, 0, 0, 0.98%, 0, 0, 8, 2086.29
1562623625, 1820, 541, 555, 0, 0, 0.98%, 0, 0, 8, 2513.96
1562623650, 1822, 552, 555, 0, 0, 0.98%, 0, 0, 8, 3609.60
1562623676, 1825, 382, 555, 0, 0, 0.98%, 0, 0, 8, 2724.52
1562623701, 1827, 349, 555, 0, 0, 0.98%, 0, 0, 8, 2850.17
1562623726, 1829, 544, 555, 0, 0, 0.98%, 0, 0, 8, 3247.41
1562623751, 1831, 552, 555, 0, 0, 0.98%, 0, 0, 8, 4126.53
1562623776, 1834, 280, 555, 0, 0, 0.98%, 0, 0, 8, 2888.80
1562623801, 1836, 548, 555, 0, 0, 0.98%, 0, 0, 8, 3173.90
1562623826, 1839, 436, 555, 0, 0, 0.98%, 0, 0, 8, 1060.99
1562623852, 1841, 544, 555, 0, 0, 0.98%, 0, 0, 8, 4685.88
1562623877, 1844, 137, 555, 0, 0, 0.98%, 0, 0, 8, 2860.33
1562623902, 1846, 293, 555, 0, 0, 0.98%, 0, 0, 8, 2491.69
1562623927, 1848, 545, 555, 0, 0, 0.98%, 0, 0, 8, 4574.53
1562623952, 1851, 131, 555, 0, 0, 0.98%, 0, 0, 8, 3321.49
1562623978, 1853, 489, 555, 0, 0, 0.98%, 0, 0, 8, 2673.72
1562624003, 1855, 544, 555, 0, 0, 0.98%, 0, 0, 8, 3122.74
1562624028, 1858, 119, 555, 0, 0, 0.98%, 0, 0, 8, 3390.81
1562624053, 1860, 380, 555, 0, 0, 0.98%, 0, 0, 8, 2798.12
1562624078, 1862, 548, 555, 0, 0, 0.98%, 0, 0, 8, 3504.10
1562624104, 1865, 332, 555, 0, 0, 0.98%, 0, 0, 8, 1772.55
1562624129, 1867, 540, 555, 0, 0, 0.98%, 0, 0, 8, 2550.96
1562624154, 1870, 2, 555, 0, 0, 0.98%, 0, 0, 8, 3452.13
1562624179, 1872, 476, 555, 0, 0, 0.98%, 0, 0, 8, 3158.80
1562624204, 1875, 1, 555, 0, 0, 0.98%, 0, 0, 8, 4012.39
1562624229, 1876, 549, 555, 0, 0, 0.98%, 0, 0, 8, 3752.97
1562624254, 1878, 548, 555, 0, 0, 0.98%, 0, 0, 8, 2920.97
1562624279, 1881, 202, 555, 0, 0, 0.98%, 0, 0, 8, 3118.18
1562624304, 1883, 470, 555, 0, 0, 0.98%, 0, 0, 8, 1909.35
1562624330, 1885, 545, 555, 0, 0, 0.98%, 0, 0, 8, 3842.63
1562624355, 1887, 552, 555, 0, 0, 0.98%, 0, 0, 8, 3446.72
1562624380, 1890, 147, 555, 0, 0, 0.98%, 0, 0, 8, 3261.59
1562624405, 1892, 502, 555, 0, 0, 0.98%, 0, 0, 8, 2607.24
1562624430, 1893, 555, 556, 1, 1, 0.98%, 0, 0, 8, 573.41
1562636781, 1895, 245, 556, 0, 0, 0.98%, 0, 0, 8, 3172.27
1562636806, 1897, 373, 556, 0, 0, 0.98%, 0, 0, 8, 2822.88
1562636831, 1899, 160, 556, 0, 0, 0.98%, 0, 0, 8, 1119.81
1562636856, 1901, 2, 556, 0, 0, 0.98%, 0, 0, 8, 2704.90
1562636881, 1903, 31, 556, 0, 0, 0.98%, 0, 0, 8, 2852.29
